process                            start  done   run starve block
entry_proc                            47    47     0      0     0
dma_ld_0_1                            47   331   211     73     0
sequencer_0_1                         47   693   457      0   189
spm_0                                 48   728   262    151   267
vru_0                                 48   799   471    280     0
pe_0_0                                49   805   402    354     0
pe_0_1                                50   808   370    388     0
pe_1_0                                50   809   402    357     0
pe_0_2                                51   811   370    390     0
pe_1_1                                51   813   386    376     0
pe_2_0                                51   813   386    376     0
pe_0_3                                52   814   354    408     0
pe_1_2                                52   817   386    379     0
pe_2_1                                52   817   386    379     0
pe_3_0                                52   817   386    379     0
pe_1_3                                53   821   370    398     0
pe_2_2                                53   821   386    382     0
pe_3_1                                53   821   386    382     0
pe_2_3                                54   825   370    401     0
pe_3_2                                54   825   386    385     0
pe_3_3                                55   829   370    386    18
accu_0                                48   851   327    456    20
dma_st_0_1                            48   886   175    663     0
