process                            start  done   run starve block
entry_proc                            47    47     0      0     0
dma_ld_0_1                            47   163    43     73     0
vru_0                                 48   173    16    109     0
spm_0                                 48   174    17    109     0
wld_0_1                               50   174     5    119     0
wld_0_0                               49   175     8    118     0
wld_0_2                               51   175     5    119     0
sequencer_0_1                         47   176   129      0     0
wld_0_3                               52   176     5    119     0
wld_1_0                               50   176     7    119     0
wld_1_1                               51   176     5    120     0
wld_1_2                               52   177     5    120     0
wld_2_0                               51   177     6    120     0
pe_0_0                                49   178     9    120     0
wld_1_3                               53   178     5    120     0
wld_2_1                               52   178     5    121     0
wld_3_0                               52   178     5    121     0
wld_2_2                               53   179     5    121     0
wld_3_1                               53   179     5    121     0
wld_2_3                               54   180     5    121     0
wld_3_2                               54   180     5    121     0
pe_0_1                                50   181     9    122     0
wld_3_3                               55   181     5    121     0
pe_1_0                                50   182    11    121     0
pe_0_2                                51   184     9    124     0
pe_1_1                                51   186    11    124     0
pe_2_0                                51   186    11    124     0
pe_0_3                                52   187     9    126     0
pe_1_2                                52   190    11    127     0
pe_2_1                                52   190    11    127     0
pe_3_0                                52   190    11    127     0
pe_1_3                                53   194    11    130     0
pe_2_2                                53   194    11    130     0
pe_3_1                                53   194    11    130     0
pe_2_3                                54   198    11    133     0
pe_3_2                                54   198    11    133     0
pe_3_3                                55   202    11    136     0
accu_0                                48   208    15    145     0
dma_st_0_1                            48   226    27    151     0
