process                            start  done   run starve block
entry_proc                            47    47     0      0     0
dma_ld_0_1                            47   338   208     83     0
sequencer_0_1                         47   702   457      0   198
spm_0                                 48   735   262    158   267
vru_0                                 48   806   471    287     0
pe_0_0                                49   812   402    361     0
pe_0_1                                50   815   370    395     0
pe_1_0                                50   816   402    364     0
pe_0_2                                51   821   370    397     3
pe_1_1                                51   821   386    383     1
pe_2_0                                51   821   386    383     1
pe_0_3                                52   836   354    405    25
pe_1_2                                52   838   386    382    18
pe_2_1                                52   838   386    382    18
pe_3_0                                52   838   386    382    18
pe_1_3                                53   846   370    393    30
pe_2_2                                53   848   386    382    27
pe_3_1                                53   848   386    382    27
pe_2_3                                54   856   370    388    44
pe_3_2                                54   858   386    382    36
pe_3_3                                55   866   370    389    52
accu_0                                48   894   422    404    20
dma_st_0_1                            48   928   175    705     0
