process                            start  done   run starve block
entry_proc                            47    47     0      0     0
dma_ld_0_1                            47   389   211     73    58
sequencer_0_1                         47   695   457      0   191
spm_0                                 48   728   262    151   267
vru_0                                 48   799   471    280     0
pe_0_0                                49   805   402    354     0
pe_0_1                                50   808   370    388     0
pe_1_0                                50   809   402    357     0
pe_0_2                                51   814   370    390     3
pe_1_1                                51   814   386    376     1
pe_2_0                                51   814   386    376     1
pe_0_3                                52   829   354    398    25
pe_1_2                                52   831   386    375    18
pe_2_1                                52   831   386    375    18
pe_3_0                                52   831   386    375    18
pe_1_3                                53   839   370    386    30
pe_2_2                                53   841   386    375    27
pe_3_1                                53   841   386    375    27
pe_2_3                                54   849   370    381    44
pe_3_2                                54   851   386    375    36
pe_3_3                                55   859   370    382    52
accu_0                                48   887   422    397    20
dma_st_0_1                            48   921   175    698     0
